/*--------------------------------*- C++ -*----------------------------------*\
| =========                 |                                                 |
| \\      /  F ield         | OpenFOAM: The Open Source CFD Toolbox           |
|  \\    /   O peration     | Version:  3.0.1                                 |
|   \\  /    A nd           | Web:      www.OpenFOAM.org                      |
|    \\/     M anipulation  |                                                 |
\*---------------------------------------------------------------------------*/
FoamFile
{
    version     2.0;
    format      ascii;
    class       dictionary;
    location    "system";
    object      controlDict;
} 
// * * * * * * * * * * * * * * * * * * * * * * * * * * * * * * * * * * * * * //


libs (
        "libforces.so"
 );  		 


application     pimpleFoam;

startFrom       latestTime;

startTime       0;

stopAt          endTime;

endTime         100;

deltaT          1e-6;

writeControl    adjustableRunTime;

writeInterval   0.1;

purgeWrite      1;

writeFormat     ascii;

writePrecision  6;

writeCompression on;

timeFormat      general;

timePrecision   6;

runTimeModifiable true;

adjustTimeStep  yes; 

maxCo           0.5;

functions
{
  // yet to copy: 'surfaces' and 'probes_spectra_us*' from job

   probes_spectra_3D
    {
        // Where to load it from
        functionObjectLibs ( "libsampling.so" );

        type            probes;
        name            probes;
        outputControl   timeStep;
        outputInterval  1;

        fields
        (U);

        probeLocations
        (

(0.072           0           0)
(0.072           0   0.0007616)
(0.072           0   0.0015232)
(0.072           0   0.0022848)
(0.072           0   0.0030464)
(0.072           0    0.003808)
(0.072           0   0.0045696)
(0.072           0   0.0053312)
(0.072           0   0.0060928)
(0.072           0   0.0068544)
(0.072           0    0.007616)
(0.072           0   0.0083776)
(0.072           0   0.0091392)
(0.072           0   0.0099008)
(0.072           0    0.010662)
(0.072           0    0.011424)
(0.072           0    0.012186)
(0.072           0    0.012947)
(0.072           0    0.013709)
(0.072           0     0.01447)
(0.072           0    0.015232)
(0.072           0    0.015994)
(0.072           0    0.016755)
(0.072           0    0.017517)
(0.072           0    0.018278)
(0.072           0     0.01904)
(0.072           0    0.019802)
(0.072           0    0.020563)
(0.072           0    0.021325)
(0.072           0    0.022086)
(0.072           0    0.022848)
(0.072           0     0.02361)
(0.072           0    0.024371)
(0.072           0    0.025133)
(0.072           0    0.025894)
(0.072           0    0.026656)
(0.072           0    0.027418)
(0.072           0    0.028179)
(0.072           0    0.028941)
(0.072           0    0.029702)
(0.072           0    0.030464)
(0.072           0    0.031226)
(0.072           0    0.031987)
(0.072           0    0.032749)
(0.072           0     0.03351)
(0.072           0    0.034272)
(0.072           0    0.035034)
(0.072           0    0.035795)
(0.072           0    0.036557)
(0.072           0    0.037318)
(0.072           0     0.03808)
(0.072           0    0.038842)
(0.072           0    0.039603)
(0.072           0    0.040365)
(0.072           0    0.041126)
(0.072           0    0.041888)
(0.072           0     0.04265)
(0.072           0    0.043411)
(0.072           0    0.044173)
(0.072           0    0.044934)
(0.072           0    0.045696)
(0.072           0    0.046458)
(0.072           0    0.047219)
(0.072           0    0.047981)
(0.072           0    0.048742)
(0.072           0    0.049504)
(0.072           0    0.050266)
(0.072           0    0.051027)
(0.072           0    0.051789)
(0.072           0     0.05255)
(0.072           0    0.053312)
(0.072           0    0.054074)
(0.072           0    0.054835)
(0.072           0    0.055597)
(0.072           0    0.056358)
(0.072           0     0.05712)
(0.072           0    0.057882)
(0.072           0    0.058643)
(0.072           0    0.059405)
(0.072           0    0.060166)
(0.072           0    0.060928)
(0.072           0     0.06169)
(0.072           0    0.062451)
(0.072           0    0.063213)
(0.072           0    0.063974)
(0.072           0    0.064736)
(0.072           0    0.065498)
(0.072           0    0.066259)
(0.072           0    0.067021)
(0.072           0    0.067782)
(0.072           0    0.068544)
(0.072           0    0.069306)
(0.072           0    0.070067)
(0.072           0    0.070829)
(0.072           0     0.07159)
(0.072           0    0.072352)
(0.072           0    0.073114)
(0.072           0    0.073875)
(0.072           0    0.074637)
(0.072           0    0.075398)

        );
    }

   //_______________________________________________________________________________


   probes_spectra_5D
    {
        // Where to load it from
        functionObjectLibs ( "libsampling.so" );

        type            probes;
        name            probes;
        outputControl   timeStep;
        outputInterval  1;

        fields
        (U);

        probeLocations
        (

(0.12           0           0)
(0.12           0   0.0007616)
(0.12           0   0.0015232)
(0.12           0   0.0022848)
(0.12           0   0.0030464)
(0.12           0    0.003808)
(0.12           0   0.0045696)
(0.12           0   0.0053312)
(0.12           0   0.0060928)
(0.12           0   0.0068544)
(0.12           0    0.007616)
(0.12           0   0.0083776)
(0.12           0   0.0091392)
(0.12           0   0.0099008)
(0.12           0    0.010662)
(0.12           0    0.011424)
(0.12           0    0.012186)
(0.12           0    0.012947)
(0.12           0    0.013709)
(0.12           0     0.01447)
(0.12           0    0.015232)
(0.12           0    0.015994)
(0.12           0    0.016755)
(0.12           0    0.017517)
(0.12           0    0.018278)
(0.12           0     0.01904)
(0.12           0    0.019802)
(0.12           0    0.020563)
(0.12           0    0.021325)
(0.12           0    0.022086)
(0.12           0    0.022848)
(0.12           0     0.02361)
(0.12           0    0.024371)
(0.12           0    0.025133)
(0.12           0    0.025894)
(0.12           0    0.026656)
(0.12           0    0.027418)
(0.12           0    0.028179)
(0.12           0    0.028941)
(0.12           0    0.029702)
(0.12           0    0.030464)
(0.12           0    0.031226)
(0.12           0    0.031987)
(0.12           0    0.032749)
(0.12           0     0.03351)
(0.12           0    0.034272)
(0.12           0    0.035034)
(0.12           0    0.035795)
(0.12           0    0.036557)
(0.12           0    0.037318)
(0.12           0     0.03808)
(0.12           0    0.038842)
(0.12           0    0.039603)
(0.12           0    0.040365)
(0.12           0    0.041126)
(0.12           0    0.041888)
(0.12           0     0.04265)
(0.12           0    0.043411)
(0.12           0    0.044173)
(0.12           0    0.044934)
(0.12           0    0.045696)
(0.12           0    0.046458)
(0.12           0    0.047219)
(0.12           0    0.047981)
(0.12           0    0.048742)
(0.12           0    0.049504)
(0.12           0    0.050266)
(0.12           0    0.051027)
(0.12           0    0.051789)
(0.12           0     0.05255)
(0.12           0    0.053312)
(0.12           0    0.054074)
(0.12           0    0.054835)
(0.12           0    0.055597)
(0.12           0    0.056358)
(0.12           0     0.05712)
(0.12           0    0.057882)
(0.12           0    0.058643)
(0.12           0    0.059405)
(0.12           0    0.060166)
(0.12           0    0.060928)
(0.12           0     0.06169)
(0.12           0    0.062451)
(0.12           0    0.063213)
(0.12           0    0.063974)
(0.12           0    0.064736)
(0.12           0    0.065498)
(0.12           0    0.066259)
(0.12           0    0.067021)
(0.12           0    0.067782)
(0.12           0    0.068544)
(0.12           0    0.069306)
(0.12           0    0.070067)
(0.12           0    0.070829)
(0.12           0     0.07159)
(0.12           0    0.072352)
(0.12           0    0.073114)
(0.12           0    0.073875)
(0.12           0    0.074637)
(0.12           0    0.075398)

        );
    }

   //_______________________________________________________________________________



   probes_spectra_7D
    {
        // Where to load it from
        functionObjectLibs ( "libsampling.so" );

        type            probes;
        name            probes;
        outputControl   timeStep;
        outputInterval  1;

        fields
        (U);

        probeLocations
        (

(0.168           0           0)
(0.168           0   0.0007616)
(0.168           0   0.0015232)
(0.168           0   0.0022848)
(0.168           0   0.0030464)
(0.168           0    0.003808)
(0.168           0   0.0045696)
(0.168           0   0.0053312)
(0.168           0   0.0060928)
(0.168           0   0.0068544)
(0.168           0    0.007616)
(0.168           0   0.0083776)
(0.168           0   0.0091392)
(0.168           0   0.0099008)
(0.168           0    0.010662)
(0.168           0    0.011424)
(0.168           0    0.012186)
(0.168           0    0.012947)
(0.168           0    0.013709)
(0.168           0     0.01447)
(0.168           0    0.015232)
(0.168           0    0.015994)
(0.168           0    0.016755)
(0.168           0    0.017517)
(0.168           0    0.018278)
(0.168           0     0.01904)
(0.168           0    0.019802)
(0.168           0    0.020563)
(0.168           0    0.021325)
(0.168           0    0.022086)
(0.168           0    0.022848)
(0.168           0     0.02361)
(0.168           0    0.024371)
(0.168           0    0.025133)
(0.168           0    0.025894)
(0.168           0    0.026656)
(0.168           0    0.027418)
(0.168           0    0.028179)
(0.168           0    0.028941)
(0.168           0    0.029702)
(0.168           0    0.030464)
(0.168           0    0.031226)
(0.168           0    0.031987)
(0.168           0    0.032749)
(0.168           0     0.03351)
(0.168           0    0.034272)
(0.168           0    0.035034)
(0.168           0    0.035795)
(0.168           0    0.036557)
(0.168           0    0.037318)
(0.168           0     0.03808)
(0.168           0    0.038842)
(0.168           0    0.039603)
(0.168           0    0.040365)
(0.168           0    0.041126)
(0.168           0    0.041888)
(0.168           0     0.04265)
(0.168           0    0.043411)
(0.168           0    0.044173)
(0.168           0    0.044934)
(0.168           0    0.045696)
(0.168           0    0.046458)
(0.168           0    0.047219)
(0.168           0    0.047981)
(0.168           0    0.048742)
(0.168           0    0.049504)
(0.168           0    0.050266)
(0.168           0    0.051027)
(0.168           0    0.051789)
(0.168           0     0.05255)
(0.168           0    0.053312)
(0.168           0    0.054074)
(0.168           0    0.054835)
(0.168           0    0.055597)
(0.168           0    0.056358)
(0.168           0     0.05712)
(0.168           0    0.057882)
(0.168           0    0.058643)
(0.168           0    0.059405)
(0.168           0    0.060166)
(0.168           0    0.060928)
(0.168           0     0.06169)
(0.168           0    0.062451)
(0.168           0    0.063213)
(0.168           0    0.063974)
(0.168           0    0.064736)
(0.168           0    0.065498)
(0.168           0    0.066259)
(0.168           0    0.067021)
(0.168           0    0.067782)
(0.168           0    0.068544)
(0.168           0    0.069306)
(0.168           0    0.070067)
(0.168           0    0.070829)
(0.168           0     0.07159)
(0.168           0    0.072352)
(0.168           0    0.073114)
(0.168           0    0.073875)
(0.168           0    0.074637)
(0.168           0    0.075398)

        );
    }

   //_______________________________________________________________________________



   probes_spectra_10D
    {
        // Where to load it from
        functionObjectLibs ( "libsampling.so" );

        type            probes;
        name            probes;
        outputControl   timeStep;
        outputInterval  1;

        fields
        (U);

        probeLocations
        (

(0.24           0           0)
(0.24           0   0.0007616)
(0.24           0   0.0015232)
(0.24           0   0.0022848)
(0.24           0   0.0030464)
(0.24           0    0.003808)
(0.24           0   0.0045696)
(0.24           0   0.0053312)
(0.24           0   0.0060928)
(0.24           0   0.0068544)
(0.24           0    0.007616)
(0.24           0   0.0083776)
(0.24           0   0.0091392)
(0.24           0   0.0099008)
(0.24           0    0.010662)
(0.24           0    0.011424)
(0.24           0    0.012186)
(0.24           0    0.012947)
(0.24           0    0.013709)
(0.24           0     0.01447)
(0.24           0    0.015232)
(0.24           0    0.015994)
(0.24           0    0.016755)
(0.24           0    0.017517)
(0.24           0    0.018278)
(0.24           0     0.01904)
(0.24           0    0.019802)
(0.24           0    0.020563)
(0.24           0    0.021325)
(0.24           0    0.022086)
(0.24           0    0.022848)
(0.24           0     0.02361)
(0.24           0    0.024371)
(0.24           0    0.025133)
(0.24           0    0.025894)
(0.24           0    0.026656)
(0.24           0    0.027418)
(0.24           0    0.028179)
(0.24           0    0.028941)
(0.24           0    0.029702)
(0.24           0    0.030464)
(0.24           0    0.031226)
(0.24           0    0.031987)
(0.24           0    0.032749)
(0.24           0     0.03351)
(0.24           0    0.034272)
(0.24           0    0.035034)
(0.24           0    0.035795)
(0.24           0    0.036557)
(0.24           0    0.037318)
(0.24           0     0.03808)
(0.24           0    0.038842)
(0.24           0    0.039603)
(0.24           0    0.040365)
(0.24           0    0.041126)
(0.24           0    0.041888)
(0.24           0     0.04265)
(0.24           0    0.043411)
(0.24           0    0.044173)
(0.24           0    0.044934)
(0.24           0    0.045696)
(0.24           0    0.046458)
(0.24           0    0.047219)
(0.24           0    0.047981)
(0.24           0    0.048742)
(0.24           0    0.049504)
(0.24           0    0.050266)
(0.24           0    0.051027)
(0.24           0    0.051789)
(0.24           0     0.05255)
(0.24           0    0.053312)
(0.24           0    0.054074)
(0.24           0    0.054835)
(0.24           0    0.055597)
(0.24           0    0.056358)
(0.24           0     0.05712)
(0.24           0    0.057882)
(0.24           0    0.058643)
(0.24           0    0.059405)
(0.24           0    0.060166)
(0.24           0    0.060928)
(0.24           0     0.06169)
(0.24           0    0.062451)
(0.24           0    0.063213)
(0.24           0    0.063974)
(0.24           0    0.064736)
(0.24           0    0.065498)
(0.24           0    0.066259)
(0.24           0    0.067021)
(0.24           0    0.067782)
(0.24           0    0.068544)
(0.24           0    0.069306)
(0.24           0    0.070067)
(0.24           0    0.070829)
(0.24           0     0.07159)
(0.24           0    0.072352)
(0.24           0    0.073114)
(0.24           0    0.073875)
(0.24           0    0.074637)
(0.24           0    0.075398)

        );
    }

   //_______________________________________________________________________________



   probesX1TransverseU
    {
        // Where to load it from
        functionObjectLibs ( "libsampling.so" );

        type            probes;
        name            probes;
        outputControl   timeStep;
        outputInterval  1;

        fields
        (U);

        probeLocations
        (

(0.02544      -0.048    0.037699)
(0.02544   -0.046041    0.037699)
(0.02544   -0.044082    0.037699)
(0.02544   -0.042122    0.037699)
(0.02544   -0.040163    0.037699)
(0.02544   -0.038204    0.037699)
(0.02544   -0.036245    0.037699)
(0.02544   -0.034286    0.037699)
(0.02544   -0.032327    0.037699)
(0.02544   -0.030367    0.037699)
(0.02544   -0.028408    0.037699)
(0.02544   -0.026449    0.037699)
(0.02544    -0.02449    0.037699)
(0.02544   -0.022531    0.037699)
(0.02544   -0.020571    0.037699)
(0.02544   -0.018612    0.037699)
(0.02544   -0.016653    0.037699)
(0.02544   -0.014694    0.037699)
(0.02544   -0.012735    0.037699)
(0.02544   -0.010776    0.037699)
(0.02544  -0.0088163    0.037699)
(0.02544  -0.0068571    0.037699)
(0.02544   -0.004898    0.037699)
(0.02544  -0.0029388    0.037699)
(0.02544 -0.00097959    0.037699)
(0.02544  0.00097959    0.037699)
(0.02544   0.0029388    0.037699)
(0.02544    0.004898    0.037699)
(0.02544   0.0068571    0.037699)
(0.02544   0.0088163    0.037699)
(0.02544    0.010776    0.037699)
(0.02544    0.012735    0.037699)
(0.02544    0.014694    0.037699)
(0.02544    0.016653    0.037699)
(0.02544    0.018612    0.037699)
(0.02544    0.020571    0.037699)
(0.02544    0.022531    0.037699)
(0.02544     0.02449    0.037699)
(0.02544    0.026449    0.037699)
(0.02544    0.028408    0.037699)
(0.02544    0.030367    0.037699)
(0.02544    0.032327    0.037699)
(0.02544    0.034286    0.037699)
(0.02544    0.036245    0.037699)
(0.02544    0.038204    0.037699)
(0.02544    0.040163    0.037699)
(0.02544    0.042122    0.037699)
(0.02544    0.044082    0.037699)
(0.02544    0.046041    0.037699)
(0.02544       0.048    0.037699)

        );
    }

   //_______________________________________________________________________________



   probesX2TransverseU
    {
        // Where to load it from
        functionObjectLibs ( "libsampling.so" );

        type            probes;
        name            probes;
        outputControl   timeStep;
        outputInterval  1;

        fields
        (U);

        probeLocations
        (

(0.03696      -0.048    0.037699)
(0.03696   -0.046041    0.037699)
(0.03696   -0.044082    0.037699)
(0.03696   -0.042122    0.037699)
(0.03696   -0.040163    0.037699)
(0.03696   -0.038204    0.037699)
(0.03696   -0.036245    0.037699)
(0.03696   -0.034286    0.037699)
(0.03696   -0.032327    0.037699)
(0.03696   -0.030367    0.037699)
(0.03696   -0.028408    0.037699)
(0.03696   -0.026449    0.037699)
(0.03696    -0.02449    0.037699)
(0.03696   -0.022531    0.037699)
(0.03696   -0.020571    0.037699)
(0.03696   -0.018612    0.037699)
(0.03696   -0.016653    0.037699)
(0.03696   -0.014694    0.037699)
(0.03696   -0.012735    0.037699)
(0.03696   -0.010776    0.037699)
(0.03696  -0.0088163    0.037699)
(0.03696  -0.0068571    0.037699)
(0.03696   -0.004898    0.037699)
(0.03696  -0.0029388    0.037699)
(0.03696 -0.00097959    0.037699)
(0.03696  0.00097959    0.037699)
(0.03696   0.0029388    0.037699)
(0.03696    0.004898    0.037699)
(0.03696   0.0068571    0.037699)
(0.03696   0.0088163    0.037699)
(0.03696    0.010776    0.037699)
(0.03696    0.012735    0.037699)
(0.03696    0.014694    0.037699)
(0.03696    0.016653    0.037699)
(0.03696    0.018612    0.037699)
(0.03696    0.020571    0.037699)
(0.03696    0.022531    0.037699)
(0.03696     0.02449    0.037699)
(0.03696    0.026449    0.037699)
(0.03696    0.028408    0.037699)
(0.03696    0.030367    0.037699)
(0.03696    0.032327    0.037699)
(0.03696    0.034286    0.037699)
(0.03696    0.036245    0.037699)
(0.03696    0.038204    0.037699)
(0.03696    0.040163    0.037699)
(0.03696    0.042122    0.037699)
(0.03696    0.044082    0.037699)
(0.03696    0.046041    0.037699)
(0.03696       0.048    0.037699)

        );
    }

   //_______________________________________________________________________________




   probesX3TransverseU
    {
        // Where to load it from
        functionObjectLibs ( "libsampling.so" );

        type            probes;
        name            probes;
        outputControl   timeStep;
        outputInterval  1;

        fields
        (U);

        probeLocations
        (

(0.04848      -0.048    0.037699)
(0.04848   -0.046041    0.037699)
(0.04848   -0.044082    0.037699)
(0.04848   -0.042122    0.037699)
(0.04848   -0.040163    0.037699)
(0.04848   -0.038204    0.037699)
(0.04848   -0.036245    0.037699)
(0.04848   -0.034286    0.037699)
(0.04848   -0.032327    0.037699)
(0.04848   -0.030367    0.037699)
(0.04848   -0.028408    0.037699)
(0.04848   -0.026449    0.037699)
(0.04848    -0.02449    0.037699)
(0.04848   -0.022531    0.037699)
(0.04848   -0.020571    0.037699)
(0.04848   -0.018612    0.037699)
(0.04848   -0.016653    0.037699)
(0.04848   -0.014694    0.037699)
(0.04848   -0.012735    0.037699)
(0.04848   -0.010776    0.037699)
(0.04848  -0.0088163    0.037699)
(0.04848  -0.0068571    0.037699)
(0.04848   -0.004898    0.037699)
(0.04848  -0.0029388    0.037699)
(0.04848 -0.00097959    0.037699)
(0.04848  0.00097959    0.037699)
(0.04848   0.0029388    0.037699)
(0.04848    0.004898    0.037699)
(0.04848   0.0068571    0.037699)
(0.04848   0.0088163    0.037699)
(0.04848    0.010776    0.037699)
(0.04848    0.012735    0.037699)
(0.04848    0.014694    0.037699)
(0.04848    0.016653    0.037699)
(0.04848    0.018612    0.037699)
(0.04848    0.020571    0.037699)
(0.04848    0.022531    0.037699)
(0.04848     0.02449    0.037699)
(0.04848    0.026449    0.037699)
(0.04848    0.028408    0.037699)
(0.04848    0.030367    0.037699)
(0.04848    0.032327    0.037699)
(0.04848    0.034286    0.037699)
(0.04848    0.036245    0.037699)
(0.04848    0.038204    0.037699)
(0.04848    0.040163    0.037699)
(0.04848    0.042122    0.037699)
(0.04848    0.044082    0.037699)
(0.04848    0.046041    0.037699)
(0.04848       0.048    0.037699)

        );
    }

   //_______________________________________________________________________________




   probesp
    {
        // Where to load it from
        functionObjectLibs ( "libsampling.so" );

        type            probes;
        name            probes;
        outputControl   timeStep;
        outputInterval  1;

        fields
        (U);

        probeLocations
        (
            (-0.312 0.12 0.0376992)           // (-13D 5D 0D)
            (0.012 0 0.0376992)
        );
    }

   //_______________________________________________________________________________




   correlation_probes_3D
    {
        // Where to load it from
        functionObjectLibs ( "libsampling.so" );

        type            probes;
        name            probes;
        outputControl   timeStep;
        outputInterval  1;

        fields
        (U);

        probeLocations
        (

(0.072           0           0)
(0.072           0   0.0003808)
(0.072           0   0.0007616)
(0.072           0   0.0011424)
(0.072           0   0.0015232)
(0.072           0    0.001904)
(0.072           0   0.0022848)
(0.072           0   0.0026656)
(0.072           0   0.0030464)
(0.072           0   0.0034272)
(0.072           0    0.003808)
(0.072           0   0.0041888)
(0.072           0   0.0045696)
(0.072           0   0.0049504)
(0.072           0   0.0053312)
(0.072           0    0.005712)
(0.072           0   0.0060928)
(0.072           0   0.0064736)
(0.072           0   0.0068544)
(0.072           0   0.0072352)
(0.072           0    0.007616)
(0.072           0   0.0079968)
(0.072           0   0.0083776)
(0.072           0   0.0087584)
(0.072           0   0.0091392)
(0.072           0     0.00952)
(0.072           0   0.0099008)
(0.072           0    0.010282)
(0.072           0    0.010662)
(0.072           0    0.011043)
(0.072           0    0.011424)
(0.072           0    0.011805)
(0.072           0    0.012186)
(0.072           0    0.012566)
(0.072           0    0.012947)
(0.072           0    0.013328)
(0.072           0    0.013709)
(0.072           0     0.01409)
(0.072           0     0.01447)
(0.072           0    0.014851)
(0.072           0    0.015232)
(0.072           0    0.015613)
(0.072           0    0.015994)
(0.072           0    0.016374)
(0.072           0    0.016755)
(0.072           0    0.017136)
(0.072           0    0.017517)
(0.072           0    0.017898)
(0.072           0    0.018278)
(0.072           0    0.018659)
(0.072           0     0.01904)
(0.072           0    0.019421)
(0.072           0    0.019802)
(0.072           0    0.020182)
(0.072           0    0.020563)
(0.072           0    0.020944)
(0.072           0    0.021325)
(0.072           0    0.021706)
(0.072           0    0.022086)
(0.072           0    0.022467)
(0.072           0    0.022848)
(0.072           0    0.023229)
(0.072           0     0.02361)
(0.072           0     0.02399)
(0.072           0    0.024371)
(0.072           0    0.024752)
(0.072           0    0.025133)
(0.072           0    0.025514)
(0.072           0    0.025894)
(0.072           0    0.026275)
(0.072           0    0.026656)
(0.072           0    0.027037)
(0.072           0    0.027418)
(0.072           0    0.027798)
(0.072           0    0.028179)
(0.072           0     0.02856)
(0.072           0    0.028941)
(0.072           0    0.029322)
(0.072           0    0.029702)
(0.072           0    0.030083)
(0.072           0    0.030464)
(0.072           0    0.030845)
(0.072           0    0.031226)
(0.072           0    0.031606)
(0.072           0    0.031987)
(0.072           0    0.032368)
(0.072           0    0.032749)
(0.072           0     0.03313)
(0.072           0     0.03351)
(0.072           0    0.033891)
(0.072           0    0.034272)
(0.072           0    0.034653)
(0.072           0    0.035034)
(0.072           0    0.035414)
(0.072           0    0.035795)
(0.072           0    0.036176)
(0.072           0    0.036557)
(0.072           0    0.036938)
(0.072           0    0.037318)
(0.072           0    0.037699)


        );
    }

   //_______________________________________________________________________________




   correlation_probes_10D
    {
        // Where to load it from
        functionObjectLibs ( "libsampling.so" );

        type            probes;
        name            probes;
        outputControl   timeStep;
        outputInterval  1;

        fields
        (U);

        probeLocations
        (

(0.24           0           0)
(0.24           0   0.0003808)
(0.24           0   0.0007616)
(0.24           0   0.0011424)
(0.24           0   0.0015232)
(0.24           0    0.001904)
(0.24           0   0.0022848)
(0.24           0   0.0026656)
(0.24           0   0.0030464)
(0.24           0   0.0034272)
(0.24           0    0.003808)
(0.24           0   0.0041888)
(0.24           0   0.0045696)
(0.24           0   0.0049504)
(0.24           0   0.0053312)
(0.24           0    0.005712)
(0.24           0   0.0060928)
(0.24           0   0.0064736)
(0.24           0   0.0068544)
(0.24           0   0.0072352)
(0.24           0    0.007616)
(0.24           0   0.0079968)
(0.24           0   0.0083776)
(0.24           0   0.0087584)
(0.24           0   0.0091392)
(0.24           0     0.00952)
(0.24           0   0.0099008)
(0.24           0    0.010282)
(0.24           0    0.010662)
(0.24           0    0.011043)
(0.24           0    0.011424)
(0.24           0    0.011805)
(0.24           0    0.012186)
(0.24           0    0.012566)
(0.24           0    0.012947)
(0.24           0    0.013328)
(0.24           0    0.013709)
(0.24           0     0.01409)
(0.24           0     0.01447)
(0.24           0    0.014851)
(0.24           0    0.015232)
(0.24           0    0.015613)
(0.24           0    0.015994)
(0.24           0    0.016374)
(0.24           0    0.016755)
(0.24           0    0.017136)
(0.24           0    0.017517)
(0.24           0    0.017898)
(0.24           0    0.018278)
(0.24           0    0.018659)
(0.24           0     0.01904)
(0.24           0    0.019421)
(0.24           0    0.019802)
(0.24           0    0.020182)
(0.24           0    0.020563)
(0.24           0    0.020944)
(0.24           0    0.021325)
(0.24           0    0.021706)
(0.24           0    0.022086)
(0.24           0    0.022467)
(0.24           0    0.022848)
(0.24           0    0.023229)
(0.24           0     0.02361)
(0.24           0     0.02399)
(0.24           0    0.024371)
(0.24           0    0.024752)
(0.24           0    0.025133)
(0.24           0    0.025514)
(0.24           0    0.025894)
(0.24           0    0.026275)
(0.24           0    0.026656)
(0.24           0    0.027037)
(0.24           0    0.027418)
(0.24           0    0.027798)
(0.24           0    0.028179)
(0.24           0     0.02856)
(0.24           0    0.028941)
(0.24           0    0.029322)
(0.24           0    0.029702)
(0.24           0    0.030083)
(0.24           0    0.030464)
(0.24           0    0.030845)
(0.24           0    0.031226)
(0.24           0    0.031606)
(0.24           0    0.031987)
(0.24           0    0.032368)
(0.24           0    0.032749)
(0.24           0     0.03313)
(0.24           0     0.03351)
(0.24           0    0.033891)
(0.24           0    0.034272)
(0.24           0    0.034653)
(0.24           0    0.035034)
(0.24           0    0.035414)
(0.24           0    0.035795)
(0.24           0    0.036176)
(0.24           0    0.036557)
(0.24           0    0.036938)
(0.24           0    0.037318)
(0.24           0    0.037699)
        );
    }

   //_______________________________________________________________________________


   wavelet_probes
    {
        // Where to load it from
        functionObjectLibs ( "libsampling.so" );

        type            probes;
        name            probes;
        outputControl   timeStep;
        outputInterval  1;

        fields
        (U);

        probeLocations
        (
            (-0.3600  0  0.037692)    // -15D
            (-0.3360  0  0.037692)    // -14D
            (-0.3120  0  0.037692)    // -13D
            (-0.2880  0  0.037692)    // -12D
            (-0.2640  0  0.037692)    // -11D
            (-0.2400  0  0.037692)    // -10D
            (-0.2160  0  0.037692)    // -9D
            (-0.1920  0  0.037692)    // -8D
            (-0.1680  0  0.037692)    // -7D
            (-0.1440  0  0.037692)    // -6D
            (-0.1200  0  0.037692)    // -5D
            (-0.0960  0  0.037692)    // -4D
            (-0.0720  0  0.037692)    // -3D
            (-0.0480  0  0.037692)    // -2D
            (-0.0240  0  0.037692)    // -1D

            (0.3600  0  0.037692)    //  15D
            (0.3360  0  0.037692)    //  14D
            (0.3120  0  0.037692)    //  13D
            (0.2880  0  0.037692)    //  12D
            (0.2640  0  0.037692)    //  11D
            (0.2400  0  0.037692)    //  10D
            (0.2160  0  0.037692)    //  9D
            (0.1920  0  0.037692)    //  8D
            (0.1680  0  0.037692)    //  7D
            (0.1440  0  0.037692)    //  6D
            (0.1200  0  0.037692)    //  5D
            (0.0960  0  0.037692)    //  4D
            (0.0720  0  0.037692)    //  3D
            (0.0480  0  0.037692)    //  2D
            (0.0240  0  0.037692)    //  1D

        );
    }

   probesU
    {
        // Where to load it from
        functionObjectLibs ( "libsampling.so" );

        type            probes;
        name            probes;
        outputControl   timeStep;
        outputInterval  1;

        fields
        (U);

        probeLocations
        (


(0.012           0    0.037699)
(0.012097           0    0.037699)
(0.012198           0    0.037699)
(0.012304           0    0.037699)
(0.012416           0    0.037699)
(0.012534           0    0.037699)
(0.012657           0    0.037699)
(0.012786           0    0.037699)
(0.012922           0    0.037699)
(0.013065           0    0.037699)
(0.013215           0    0.037699)
(0.013372           0    0.037699)
(0.013537           0    0.037699)
(0.013711           0    0.037699)
(0.013893           0    0.037699)
(0.014084           0    0.037699)
(0.014285           0    0.037699)
(0.014496           0    0.037699)
(0.014717           0    0.037699)
(0.01495           0    0.037699)
(0.015194           0    0.037699)
(0.01545           0    0.037699)
(0.015719           0    0.037699)
(0.016002           0    0.037699)
(0.016298           0    0.037699)
(0.01661           0    0.037699)
(0.016937           0    0.037699)
(0.01728           0    0.037699)
(0.017641           0    0.037699)
(0.01802           0    0.037699)
(0.018417           0    0.037699)
(0.018835           0    0.037699)
(0.019273           0    0.037699)
(0.019733           0    0.037699)
(0.020216           0    0.037699)
(0.020724           0    0.037699)
(0.021257           0    0.037699)
(0.021816           0    0.037699)
(0.022403           0    0.037699)
(0.02302           0    0.037699)
(0.023668           0    0.037699)
(0.024348           0    0.037699)
(0.025062           0    0.037699)
(0.025811           0    0.037699)
(0.026599           0    0.037699)
(0.027425           0    0.037699)
(0.028293           0    0.037699)
(0.029204           0    0.037699)
(0.030161           0    0.037699)
(0.031166           0    0.037699)
(0.03222           0    0.037699)
(0.033328           0    0.037699)
(0.034491           0    0.037699)
(0.035712           0    0.037699)
(0.036994           0    0.037699)
(0.038341           0    0.037699)
(0.039754           0    0.037699)
(0.041239           0    0.037699)
(0.042797           0    0.037699)
(0.044434           0    0.037699)
(0.046152           0    0.037699)
(0.047956           0    0.037699)
(0.04985           0    0.037699)
(0.05184           0    0.037699)
(0.053928           0    0.037699)
(0.056121           0    0.037699)
(0.058424           0    0.037699)
(0.060842           0    0.037699)
(0.06338           0    0.037699)
(0.066046           0    0.037699)
(0.068845           0    0.037699)
(0.071783           0    0.037699)
(0.074869           0    0.037699)
(0.078109           0    0.037699)
(0.081511           0    0.037699)
(0.085084           0    0.037699)
(0.088834           0    0.037699)
(0.092773           0    0.037699)
(0.096908           0    0.037699)
(0.10125           0    0.037699)
(0.10581           0    0.037699)
(0.1106           0    0.037699)
(0.11562           0    0.037699)
(0.1209           0    0.037699)
(0.12644           0    0.037699)
(0.13226           0    0.037699)
(0.13837           0    0.037699)
(0.14478           0    0.037699)
(0.15152           0    0.037699)
(0.15859           0    0.037699)
(0.16602           0    0.037699)
(0.17382           0    0.037699)
(0.182           0    0.037699)
(0.1906           0    0.037699)
(0.19963           0    0.037699)
(0.20911           0    0.037699)
(0.21906           0    0.037699)
(0.22951           0    0.037699)
(0.24048           0    0.037699)
(0.252           0    0.037699)

        );
    }


   /*
vorticity
{
        type            vorticity;
        libs            ("libfieldFunctionObjects.so");
        writeControl    timeStep;
        writeInterval   1;   
        purgeWrite      1;     
}
   */



/*
fieldAverage1
{
        type            fieldAverage;
        functionObjectLibs ( "libfieldFunctionObjects.so" );
        enabled         true;
        writeControl    runTime;
        writeInterval   0.1;

        fields
        (
            U
            {
                mean        on;
                prime2Mean  on;
                base        time;
            }

            p
            {
                mean        on;
                prime2Mean  on;
                base        time;
            }
        );
}
*/
/*
Q1
{
        type            Q;
        functionObjectLibs ("libutilityFunctionObjects.so");
        writeControl    adjustableRunTime;
        writeInterval   0.01;
        purgeWrite      0;
}
*/

}


// ************************************************************************* //
